# Made in Blockbench 4.8.1
mtllib awakening_crystal - Converted.mtl

o cube
v 0.1875 1.0625 0.1875
v 0.1875 1.0625 -0.1875
v 0.1875 0 0.1875
v 0.1875 0 -0.1875
v -0.1875 1.0625 -0.1875
v -0.1875 1.0625 0.1875
v -0.1875 0 -0.1875
v -0.1875 0 0.1875
vt 0 1
vt 0.1875 1
vt 0.1875 0.5
vt 0 0.5
vt 0.1875 1
vt 0.375 1
vt 0.375 0.5
vt 0.1875 0.5
vt 0.375 1
vt 0.5625 1
vt 0.5625 0.5
vt 0.375 0.5
vt 0 0.5
vt 0.1875 0.5
vt 0.1875 0
vt 0 0
vt 0.75 0.5
vt 0.5625 0.5
vt 0.5625 0.6875
vt 0.75 0.6875
vt 0.8125 0.5
vt 0.625 0.5
vt 0.625 0.3125
vt 0.8125 0.3125
vn 0 0 -1
vn 1 0 0
vn 0 0 1
vn -1 0 0
vn 0 1 0
vn 0 -1 0
usemtl m_32590a99-6aaf-92a7-f702-bcef8b5c1df5
f 4/4/1 7/3/1 5/2/1 2/1/1
f 3/8/2 4/7/2 2/6/2 1/5/2
f 8/12/3 3/11/3 1/10/3 6/9/3
f 7/16/4 8/15/4 6/14/4 5/13/4
f 6/20/5 1/19/5 2/18/5 5/17/5
f 7/24/6 4/23/6 3/22/6 8/21/6
o cube
v -0.4017924785275222 0.44277619856896355 0.5857075214724774
v -0.24554247852752187 0.6637470676897597 0.4294575214724776
v -0.08929247852752231 0.0008344603273711115 0.27320752147247784
v 0.06695752147247802 0.22180532944816722 0.11695752147247784
v -0.42231917382415857 0.6637470676897597 0.25268082617584053
v -0.578569173824159 0.44277619856896355 0.4089308261758404
v -0.10981917382415862 0.22180532944816722 -0.05981917382415919
v -0.266069173824159 0.0008344603273713336 0.09643082617584076
vt 0.5 0.5
vt 0.625 0.5
vt 0.625 0.1875
vt 0.5 0.1875
vt 0.34375 0.5
vt 0.5 0.5
vt 0.5 0.1875
vt 0.34375 0.1875
vt 0.5625 1
vt 0.6875 1
vt 0.6875 0.6875
vt 0.5625 0.6875
vt 0.1875 0.5
vt 0.34375 0.5
vt 0.34375 0.1875
vt 0.1875 0.1875
vt 0.6875 0.875
vt 0.6875 1
vt 0.84375 1
vt 0.84375 0.875
vt 0.84375 0.75
vt 0.84375 0.875
vt 0.6875 0.875
vt 0.6875 0.75
vn 0.500000000000001 0.7071067811865472 -0.4999999999999996
vn 0.707106781186547 -4.440892098500626e-16 0.7071067811865481
vn -0.500000000000001 -0.7071067811865472 0.4999999999999996
vn -0.707106781186547 4.440892098500626e-16 -0.7071067811865481
vn -0.4999999999999999 0.707106781186548 0.4999999999999994
vn 0.4999999999999999 -0.707106781186548 -0.4999999999999994
usemtl m_32590a99-6aaf-92a7-f702-bcef8b5c1df5
f 12/28/7 15/27/7 13/26/7 10/25/7
f 11/32/8 12/31/8 10/30/8 9/29/8
f 16/36/9 11/35/9 9/34/9 14/33/9
f 15/40/10 16/39/10 14/38/10 13/37/10
f 14/44/11 9/43/11 10/42/11 13/41/11
f 15/48/12 12/47/12 11/46/12 16/45/12
o cube
v 0.44195752147247824 0.6687723208591758 -0.2580424785275217
v 0.5982075214724782 0.4478014517383796 -0.4142924785275217
v 0.12945752147247758 0.22683058261758382 0.054457521472478065
v 0.2857075214724777 0.005859713496787489 -0.10179247852752188
v 0.4214308261758415 0.4478014517383797 -0.5910691738241587
v 0.2651808261758415 0.668772320859176 -0.4348191738241588
v 0.10893082617584104 0.005859713496787711 -0.2785691738241589
v -0.047319173824159066 0.22683058261758393 -0.12231917382415902
vt 0.5 0.5
vt 0.625 0.5
vt 0.625 0.1875
vt 0.5 0.1875
vt 0.34375 0.5
vt 0.5 0.5
vt 0.5 0.1875
vt 0.34375 0.1875
vt 0.5625 1
vt 0.6875 1
vt 0.6875 0.6875
vt 0.5625 0.6875
vt 0.1875 0.5
vt 0.34375 0.5
vt 0.34375 0.1875
vt 0.1875 0.1875
vt 0.6875 0.875
vt 0.6875 1
vt 0.84375 1
vt 0.84375 0.875
vt 0.84375 0.75
vt 0.84375 0.875
vt 0.6875 0.875
vt 0.6875 0.75
vn 0.5 -0.7071067811865479 -0.4999999999999998
vn 0.7071067811865469 -4.440892098500626e-16 0.7071067811865481
vn -0.5 0.7071067811865479 0.4999999999999998
vn -0.7071067811865469 4.440892098500626e-16 -0.7071067811865481
vn 0.5000000000000009 0.7071067811865472 -0.49999999999999956
vn -0.5000000000000009 -0.7071067811865472 0.49999999999999956
usemtl m_32590a99-6aaf-92a7-f702-bcef8b5c1df5
f 20/52/13 23/51/13 21/50/13 18/49/13
f 19/56/14 20/55/14 18/54/14 17/53/14
f 24/60/15 19/59/15 17/58/15 22/57/15
f 23/64/16 24/63/16 22/62/16 21/61/16
f 22/68/17 17/67/17 18/66/17 21/65/17
f 23/72/18 20/71/18 19/70/18 24/69/18
o cube
v -0.26429247852752136 0.6687723208591767 -0.4232075214724782
v -0.42054247852752136 0.4478014517383807 -0.5794575214724784
v 0.04820752147247809 0.22683058261758415 -0.11070752147247798
v -0.10804247852752186 0.005859713496788266 -0.2669575214724781
v -0.5973191738241586 0.4478014517383808 -0.40268082617584144
v -0.44106917382415856 0.6687723208591767 -0.24643082617584128
v -0.28481917382415906 0.005859713496788377 -0.09018082617584117
v -0.1285691738241591 0.22683058261758426 0.066069173824159
vt 0.5 0.5
vt 0.625 0.5
vt 0.625 0.1875
vt 0.5 0.1875
vt 0.34375 0.5
vt 0.5 0.5
vt 0.5 0.1875
vt 0.34375 0.1875
vt 0.5625 1
vt 0.6875 1
vt 0.6875 0.6875
vt 0.5625 0.6875
vt 0.1875 0.5
vt 0.34375 0.5
vt 0.34375 0.1875
vt 0.1875 0.1875
vt 0.6875 0.875
vt 0.6875 1
vt 0.84375 1
vt 0.84375 0.875
vt 0.84375 0.75
vt 0.84375 0.875
vt 0.6875 0.875
vt 0.6875 0.75
vn -0.5000000000000001 -0.7071067811865471 -0.5000000000000006
vn 0.7071067811865481 -4.163336342344337e-16 -0.7071067811865469
vn 0.5000000000000001 0.7071067811865471 0.5000000000000006
vn -0.7071067811865481 4.163336342344337e-16 0.7071067811865469
vn -0.49999999999999917 0.707106781186548 -0.5000000000000004
vn 0.49999999999999917 -0.707106781186548 0.5000000000000004
usemtl m_32590a99-6aaf-92a7-f702-bcef8b5c1df5
f 28/76/19 31/75/19 29/74/19 26/73/19
f 27/80/20 28/79/20 26/78/20 25/77/20
f 32/84/21 27/83/21 25/82/21 30/81/21
f 31/88/22 32/87/22 30/86/22 29/85/22
f 30/92/23 25/91/23 26/90/23 29/89/23
f 31/96/24 28/95/24 27/94/24 32/93/24
o cube
v 0.5982075214724771 0.4427761985689638 0.4017924785275223
v 0.4419575214724776 0.6637470676897597 0.24554247852752176
v 0.2857075214724778 0.0008344603273711115 0.08929247852752242
v 0.12945752147247813 0.221805329448167 -0.06695752147247819
v 0.2651808261758404 0.6637470676897597 0.4223191738241583
v 0.42143082617584016 0.4427761985689638 0.5785691738241587
v -0.04731917382415901 0.22180532944816722 0.10981917382415829
v 0.10893082617584071 0.0008344603273713336 0.26606917382415884
vt 0.5 0.5
vt 0.625 0.5
vt 0.625 0.1875
vt 0.5 0.1875
vt 0.34375 0.5
vt 0.5 0.5
vt 0.5 0.1875
vt 0.34375 0.1875
vt 0.5625 1
vt 0.6875 1
vt 0.6875 0.6875
vt 0.5625 0.6875
vt 0.1875 0.5
vt 0.34375 0.5
vt 0.34375 0.1875
vt 0.1875 0.1875
vt 0.6875 0.875
vt 0.6875 1
vt 0.84375 1
vt 0.84375 0.875
vt 0.84375 0.75
vt 0.84375 0.875
vt 0.6875 0.875
vt 0.6875 0.75
vn -0.4999999999999991 0.707106781186547 -0.5000000000000019
vn 0.7071067811865489 -8.881784197001254e-16 -0.7071067811865464
vn 0.4999999999999991 -0.707106781186547 0.5000000000000019
vn -0.7071067811865489 8.881784197001254e-16 0.7071067811865464
vn 0.49999999999999906 0.7071067811865483 0.5
vn -0.49999999999999906 -0.7071067811865483 -0.5
usemtl m_32590a99-6aaf-92a7-f702-bcef8b5c1df5
f 36/100/25 39/99/25 37/98/25 34/97/25
f 35/104/26 36/103/26 34/102/26 33/101/26
f 40/108/27 35/107/27 33/106/27 38/105/27
f 39/112/28 40/111/28 38/110/28 37/109/28
f 38/116/29 33/115/29 34/114/29 37/113/29
f 39/120/30 36/119/30 35/118/30 40/117/30
o cube
v 0.125 0.6651357085691021 -0.4839756265236554
v 0.125 0.44416483944830576 -0.7049464956444516
v 0.125 0.22319397032750987 -0.042033888282063225
v 0.125 0.0022231012067137623 -0.26300475740285933
v -0.125 0.44416483944830576 -0.7049464956444516
v -0.125 0.6651357085691021 -0.4839756265236554
v -0.125 0.0022231012067137623 -0.26300475740285933
v -0.125 0.22319397032750987 -0.042033888282063225
vt 0.5625 1
vt 0.6875 1
vt 0.6875 0.6875
vt 0.5625 0.6875
vt 0.1875 0.5
vt 0.34375 0.5
vt 0.34375 0.1875
vt 0.1875 0.1875
vt 0.5 0.5
vt 0.625 0.5
vt 0.625 0.1875
vt 0.5 0.1875
vt 0.34375 0.5
vt 0.5 0.5
vt 0.5 0.1875
vt 0.34375 0.1875
vt 0.84375 1
vt 0.84375 0.875
vt 0.6875 0.875
vt 0.6875 1
vt 0.6875 0.875
vt 0.6875 0.75
vt 0.84375 0.75
vt 0.84375 0.875
vn 0 -0.7071067811865476 -0.7071067811865475
vn 1 0 0
vn 0 0.7071067811865476 0.7071067811865475
vn -1 0 0
vn 0 0.7071067811865475 -0.7071067811865476
vn 0 -0.7071067811865475 0.7071067811865476
usemtl m_32590a99-6aaf-92a7-f702-bcef8b5c1df5
f 44/124/31 47/123/31 45/122/31 42/121/31
f 43/128/32 44/127/32 42/126/32 41/125/32
f 48/132/33 43/131/33 41/130/33 46/129/33
f 47/136/34 48/135/34 46/134/34 45/133/34
f 46/140/35 41/139/35 42/138/35 45/137/35
f 47/144/36 44/143/36 43/142/36 48/141/36
o cube
v -0.4758567811865476 0.6625223208591762 0.125
v -0.4758567811865476 0.6625223208591762 -0.125
v -0.03391504294495534 0.22058058261758395 0.125
v -0.03391504294495534 0.22058058261758395 -0.125
v -0.6968276503073436 0.44155145173838006 -0.125
v -0.6968276503073436 0.44155145173838006 0.125
v -0.2548859120657514 -0.0003902865032121561 -0.125
v -0.2548859120657514 -0.0003902865032121561 0.125
vt 0.34375 0.5
vt 0.5 0.5
vt 0.5 0.1875
vt 0.34375 0.1875
vt 0.5625 1
vt 0.6875 1
vt 0.6875 0.6875
vt 0.5625 0.6875
vt 0.1875 0.5
vt 0.34375 0.5
vt 0.34375 0.1875
vt 0.1875 0.1875
vt 0.5 0.5
vt 0.625 0.5
vt 0.625 0.1875
vt 0.5 0.1875
vt 0.6875 1
vt 0.84375 1
vt 0.84375 0.875
vt 0.6875 0.875
vt 0.6875 0.75
vt 0.84375 0.75
vt 0.84375 0.875
vt 0.6875 0.875
vn 0 0 -1
vn 0.7071067811865475 0.7071067811865476 0
vn 0 0 1
vn -0.7071067811865475 -0.7071067811865476 0
vn -0.7071067811865476 0.7071067811865475 0
vn 0.7071067811865476 -0.7071067811865475 0
usemtl m_32590a99-6aaf-92a7-f702-bcef8b5c1df5
f 52/148/37 55/147/37 53/146/37 50/145/37
f 51/152/38 52/151/38 50/150/38 49/149/38
f 56/156/39 51/155/39 49/154/39 54/153/39
f 55/160/40 56/159/40 54/158/40 53/157/40
f 54/164/41 49/163/41 50/162/41 53/161/41
f 55/168/42 52/167/42 51/166/42 56/165/42
o cube
v 0.13124999999999998 0.44277619856896333 0.6875223208591765
v 0.13124999999999998 0.6637470676897597 0.4665514517383802
v 0.13124999999999998 0.0008344603273712226 0.2455805826175841
v 0.13124999999999998 0.22180532944816744 0.024609713496787866
v -0.11875000000000002 0.6637470676897597 0.4665514517383802
v -0.11875000000000002 0.44277619856896333 0.6875223208591765
v -0.11875000000000002 0.22180532944816744 0.024609713496787866
v -0.11875000000000002 0.0008344603273712226 0.2455805826175841
vt 0.5 0.5
vt 0.625 0.5
vt 0.625 0.1875
vt 0.5 0.1875
vt 0.34375 0.5
vt 0.5 0.5
vt 0.5 0.1875
vt 0.34375 0.1875
vt 0.5625 1
vt 0.6875 1
vt 0.6875 0.6875
vt 0.5625 0.6875
vt 0.1875 0.5
vt 0.34375 0.5
vt 0.34375 0.1875
vt 0.1875 0.1875
vt 0.6875 0.875
vt 0.6875 1
vt 0.84375 1
vt 0.84375 0.875
vt 0.84375 0.75
vt 0.84375 0.875
vt 0.6875 0.875
vt 0.6875 0.75
vn 0 0.7071067811865476 -0.7071067811865475
vn 1 0 0
vn 0 -0.7071067811865476 0.7071067811865475
vn -1 0 0
vn 0 0.7071067811865475 0.7071067811865476
vn 0 -0.7071067811865475 -0.7071067811865476
usemtl m_32590a99-6aaf-92a7-f702-bcef8b5c1df5
f 60/172/43 63/171/43 61/170/43 58/169/43
f 59/176/44 60/175/44 58/174/44 57/173/44
f 64/180/45 59/179/45 57/178/45 62/177/45
f 63/184/46 64/183/46 62/182/46 61/181/46
f 62/188/47 57/187/47 58/186/47 61/185/47
f 63/192/48 60/191/48 59/190/48 64/189/48
o cube
v 0.7093276503073438 0.44155145173838006 0.125
v 0.7093276503073438 0.44155145173838006 -0.125
v 0.2673859120657516 -0.0003902865032121561 0.125
v 0.2673859120657516 -0.0003902865032121561 -0.125
v 0.4883567811865477 0.6625223208591762 -0.125
v 0.4883567811865477 0.6625223208591762 0.125
v 0.046415042944955354 0.22058058261758406 -0.125
v 0.046415042944955354 0.22058058261758406 0.125
vt 0.1875 0.5
vt 0.34375 0.5
vt 0.34375 0.1875
vt 0.1875 0.1875
vt 0.5 0.5
vt 0.625 0.5
vt 0.625 0.1875
vt 0.5 0.1875
vt 0.34375 0.5
vt 0.5 0.5
vt 0.5 0.1875
vt 0.34375 0.1875
vt 0.5625 1
vt 0.6875 1
vt 0.6875 0.6875
vt 0.5625 0.6875
vt 0.84375 0.875
vt 0.6875 0.875
vt 0.6875 1
vt 0.84375 1
vt 0.84375 0.875
vt 0.6875 0.875
vt 0.6875 0.75
vt 0.84375 0.75
vn 0 0 -1
vn 0.7071067811865475 -0.7071067811865476 0
vn 0 0 1
vn -0.7071067811865475 0.7071067811865476 0
vn 0.7071067811865476 0.7071067811865475 0
vn -0.7071067811865476 -0.7071067811865475 0
usemtl m_32590a99-6aaf-92a7-f702-bcef8b5c1df5
f 68/196/49 71/195/49 69/194/49 66/193/49
f 67/200/50 68/199/50 66/198/50 65/197/50
f 72/204/51 67/203/51 65/202/51 70/201/51
f 71/208/52 72/207/52 70/206/52 69/205/52
f 70/212/53 65/211/53 66/210/53 69/209/53
f 71/216/54 68/215/54 67/214/54 72/213/54